114 1
117 2
157 2
162 2
158 3
151 3
735 3
20 3
17 3
28 3
50 3
102 4
152 4
155 4
664 4
70 4
69 4
763 5
807 5
85 5
98 5
97 5
34 6
29 6
35 6
35 7
36 7
28 8
34 8
42 8
74 9
66 9
69 9
75 9
92 10
97 10
98 10
90 10
87 10
814 11
784 11
189 11
815 11
191 12
13 12
808 12
810 12
812 13
811 13
12 13
191 13
813 13
30 14
15 14
785 15
30 15
16 15
14 15
24 16
30 16
15 16
27 16
18 16
785 16
28 17
3 17
20 17
27 17
18 17
27 18
16 18
785 18
34 18
17 18
28 18
806 19
31 19
25 19
23 19
27 20
17 20
26 20
32 20
735 20
3 20
22 20
21 20
735 21
22 21
32 21
20 21
31 22
25 22
26 22
20 22
21 22
19 23
25 23
33 23
30 23
24 23
16 24
23 24
33 24
30 24
27 24
26 24
33 25
23 25
31 25
22 25
26 25
19 25
22 26
20 26
27 26
33 26
24 26
25 26
20 27
24 27
17 27
18 27
16 27
26 27
50 28
42 28
3 28
17 28
18 28
8 28
34 28
6 29
785 29
34 29
14 30
15 30
23 30
24 30
16 30
25 31
22 31
806 31
19 31
165 31
794 31
166 31
21 32
20 32
735 32
23 33
24 33
25 33
26 33
8 34
42 34
51 34
35 34
6 34
18 34
28 34
29 34
785 34
6 35
7 35
51 35
36 35
34 35
35 36
7 36
56 36
51 36
57 36
99 37
138 37
140 38
110 38
141 38
143 38
666 38
144 38
160 39
159 39
151 39
153 39
570 40
654 40
588 40
569 40
175 41
788 41
791 41
793 41
170 41
28 42
55 42
50 42
8 42
34 42
51 42
154 43
664 43
155 43
805 44
105 44
802 44
106 44
109 45
764 45
154 45
155 45
77 46
84 46
766 46
801 46
81 46
79 46
185 47
731 47
186 47
187 47
801 48
81 48
106 48
212 48
803 48
108 48
798 49
356 49
343 49
346 49
340 49
347 49
28 50
42 50
151 50
52 50
54 50
55 50
153 50
3 50
42 51
55 51
35 51
36 51
57 51
34 51
153 52
152 52
50 52
53 52
54 52
152 53
69 53
54 53
52 53
52 54
53 54
60 54
50 54
55 54
69 54
65 54
57 55
59 55
42 55
50 55
54 55
51 55
60 55
59 56
57 56
36 56
56 57
59 57
51 57
55 57
36 57
99 58
59 58
61 58
56 59
57 59
61 59
58 59
55 59
60 59
64 59
59 60
64 60
54 60
55 60
65 60
64 61
62 61
59 61
58 61
63 62
64 62
68 62
61 62
62 63
68 63
86 63
807 63
65 64
62 64
61 64
59 64
60 64
68 64
64 65
69 65
66 65
60 65
54 65
68 65
86 66
68 66
9 66
74 66
69 66
67 66
65 66
762 67
87 67
86 67
74 67
66 67
72 67
66 68
86 68
64 68
62 68
63 68
65 68
53 69
9 69
65 69
152 69
4 69
70 69
75 69
54 69
66 69
664 70
75 70
72 70
71 70
4 70
69 70
664 71
70 71
88 71
73 71
72 71
70 72
71 72
88 72
75 72
74 72
67 72
762 72
76 73
154 73
89 73
71 73
88 73
664 73
9 74
75 74
66 74
67 74
72 74
69 75
9 75
74 75
70 75
72 75
79 76
154 76
80 76
89 76
73 76
84 76
83 76
211 77
801 77
46 77
198 78
199 78
79 78
80 78
91 78
766 78
834 78
78 79
76 79
80 79
46 79
766 79
84 79
79 80
78 80
89 80
91 80
76 80
46 81
48 81
82 81
84 81
801 81
108 81
764 82
83 82
154 82
84 82
108 82
107 82
81 82
84 83
76 83
82 83
154 83
76 84
46 84
79 84
83 84
81 84
82 84
807 85
5 85
87 86
68 86
63 86
807 86
66 86
67 86
98 87
762 87
90 87
67 87
86 87
10 87
807 87
71 88
90 88
73 88
89 88
91 88
72 88
92 88
762 88
76 89
80 89
73 89
88 89
91 89
88 90
92 90
10 90
762 90
87 90
199 91
89 91
88 91
92 91
93 91
78 91
80 91
90 92
10 92
91 92
88 92
93 92
94 92
97 92
91 93
92 93
94 93
201 93
194 93
199 93
93 94
194 94
95 94
92 94
97 94
204 94
94 95
97 95
784 95
814 95
96 95
204 95
206 95
784 96
809 96
810 96
207 96
95 96
206 96
92 97
94 97
10 97
95 97
5 97
814 97
763 97
98 97
87 98
10 98
807 98
5 98
97 98
58 99
37 99
109 102
4 102
736 102
152 102
153 102
103 102
155 102
163 103
104 103
109 103
102 103
105 103
804 103
736 103
107 104
109 104
105 104
804 104
108 104
103 104
108 105
104 105
44 105
802 105
103 105
804 105
44 106
802 106
48 106
803 106
185 106
731 106
212 106
805 106
104 107
109 107
108 107
82 107
764 107
107 108
81 108
82 108
105 108
802 108
104 108
48 108
803 108
104 109
103 109
102 109
45 109
155 109
107 109
764 109
140 110
38 110
142 110
143 110
146 111
150 111
149 111
795 112
181 112
180 112
179 112
135 113
134 113
119 113
1 114
156 115
156 117
157 117
2 117
169 118
173 118
134 119
113 119
133 120
136 120
133 121
136 121
131 121
128 122
338 122
132 122
127 123
338 123
126 125
129 125
127 126
125 126
338 126
129 126
126 127
338 127
123 127
122 128
338 128
132 128
129 128
130 128
130 129
128 129
126 129
338 129
125 129
132 130
129 130
128 130
131 130
133 131
121 131
132 131
130 131
128 132
122 132
130 132
131 132
121 133
120 133
136 133
131 133
119 134
135 134
113 134
134 135
113 135
121 136
120 136
133 136
196 137
234 137
139 138
140 138
37 138
138 139
141 139
140 139
110 140
138 140
139 140
141 140
38 140
38 141
140 141
139 141
110 142
143 142
142 143
38 143
110 143
144 143
666 144
148 144
143 144
722 144
38 144
195 146
244 146
264 146
216 146
111 146
150 146
215 146
148 147
215 147
213 147
149 148
144 148
150 148
722 148
147 148
666 148
215 148
213 148
150 149
148 149
111 149
215 150
111 150
146 150
148 150
149 150
159 151
153 151
3 151
50 151
158 151
39 151
153 152
52 152
53 152
69 152
4 152
102 152
152 153
160 153
39 153
52 153
736 153
102 153
151 153
50 153
82 154
764 154
83 154
43 154
664 154
45 154
155 154
76 154
73 154
4 155
109 155
102 155
154 155
43 155
664 155
45 155
117 156
115 156
2 157
161 157
117 157
162 157
735 158
3 158
161 158
159 158
151 158
162 158
158 159
151 159
161 159
160 159
39 159
159 160
39 160
736 160
153 160
161 160
162 161
158 161
159 161
160 161
157 161
161 162
2 162
157 162
158 162
103 163
342 164
794 165
31 165
167 165
793 166
176 166
794 166
172 166
31 166
806 166
168 167
793 167
794 167
165 167
793 168
167 168
173 168
789 168
175 168
789 169
179 169
170 169
173 169
118 169
169 170
789 170
41 170
795 170
175 170
181 170
788 170
179 170
174 171
790 171
180 171
176 172
792 172
806 172
166 172
789 173
168 173
118 173
169 173
790 174
791 174
180 174
171 174
788 174
168 175
793 175
789 175
170 175
41 175
791 176
793 176
166 176
172 176
792 176
790 176
795 179
112 179
169 179
170 179
181 180
788 180
174 180
171 180
112 180
788 181
180 181
112 181
795 181
170 181
731 184
212 184
341 184
211 184
805 185
47 185
731 185
106 185
47 186
47 187
339 187
340 187
763 188
189 188
763 189
814 189
188 189
11 189
815 189
190 189
809 189
809 190
189 190
810 191
209 191
813 191
13 191
12 191
197 192
834 192
203 192
766 192
225 193
224 193
194 193
241 193
202 193
259 193
203 193
94 194
204 194
202 194
193 194
241 194
201 194
93 194
208 195
244 195
146 195
137 196
197 196
200 196
226 196
203 197
196 197
226 197
192 197
199 198
201 198
78 198
203 198
202 198
834 198
91 199
78 199
198 199
201 199
93 199
227 200
226 200
196 200
202 201
199 201
93 201
194 201
198 201
193 202
194 202
201 202
203 202
198 202
197 203
259 203
226 203
198 203
202 203
834 203
192 203
193 203
194 204
206 204
94 204
95 204
241 204
223 205
242 205
219 205
224 205
243 205
222 205
204 206
207 206
96 206
241 206
95 206
210 207
96 207
810 207
206 207
241 207
242 207
813 208
209 208
263 208
244 208
195 208
263 209
208 209
810 209
191 209
813 209
210 209
246 210
263 210
242 210
207 210
810 210
209 210
801 211
77 211
212 211
184 211
341 211
184 212
48 212
211 212
801 212
731 212
106 212
147 213
148 213
722 213
215 213
215 214
216 214
351 214
397 214
262 214
400 214
825 214
150 215
216 215
213 215
146 215
214 215
148 215
147 215
146 216
351 216
264 216
214 216
215 216
237 217
236 217
265 217
238 217
245 217
407 217
829 217
238 218
234 218
227 218
228 218
245 218
253 219
254 219
242 219
246 219
247 219
205 219
223 219
248 219
222 220
240 220
258 220
225 220
224 220
260 220
240 221
226 221
259 221
227 221
228 221
225 221
220 222
258 222
223 222
224 222
205 222
222 223
205 223
258 223
254 223
219 223
225 224
193 224
241 224
243 224
205 224
220 224
222 224
259 225
193 225
221 225
240 225
220 225
224 225
200 226
227 226
221 226
203 226
196 226
259 226
197 226
226 227
221 227
218 227
200 227
228 227
245 228
260 228
221 228
240 228
227 228
218 228
230 229
231 229
232 229
420 229
800 230
354 230
420 230
229 230
419 230
231 230
826 231
827 231
828 231
230 231
354 231
821 231
229 231
232 231
821 232
235 232
237 232
229 232
231 232
234 233
826 233
235 233
827 233
233 234
235 234
218 234
238 234
137 234
233 235
234 235
237 235
821 235
828 235
232 235
827 235
238 235
406 236
237 236
407 236
217 236
232 237
235 237
236 237
217 237
238 237
218 238
235 238
234 238
245 238
237 238
217 238
401 239
255 239
829 239
265 239
257 239
250 239
251 239
260 239
260 240
220 240
221 240
228 240
225 240
243 241
206 241
194 241
204 241
207 241
242 241
193 241
224 241
243 242
205 242
219 242
246 242
210 242
241 242
207 242
241 243
242 243
224 243
205 243
264 244
146 244
263 244
208 244
195 244
238 245
218 245
217 245
265 245
228 245
260 245
263 246
264 246
242 246
247 246
210 246
219 246
264 247
219 247
248 247
246 247
351 248
253 248
247 248
264 248
219 248
833 249
251 249
250 249
652 249
651 249
400 249
399 249
256 249
255 250
252 250
256 250
249 250
239 250
251 250
652 251
249 251
401 251
250 251
239 251
351 252
400 252
253 252
833 252
256 252
250 252
254 252
255 252
254 253
219 253
248 253
252 253
351 253
219 254
253 254
257 254
255 254
252 254
258 254
223 254
239 255
250 255
254 255
257 255
252 255
252 256
833 256
250 256
249 256
255 257
254 257
239 257
260 257
258 257
222 258
223 258
254 258
220 258
260 258
257 258
226 259
221 259
225 259
203 259
193 259
258 260
245 260
265 260
240 260
257 260
228 260
220 260
239 260
396 261
393 261
360 261
816 261
369 261
276 261
358 261
397 262
214 262
825 262
581 262
246 263
244 263
264 263
208 263
210 263
209 263
247 264
244 264
248 264
351 264
263 264
216 264
246 264
146 264
829 265
239 265
260 265
245 265
217 265
420 266
418 266
416 266
584 266
417 266
421 266
415 267
442 267
584 267
742 267
787 267
619 267
830 267
271 268
550 268
269 268
559 269
271 269
268 269
551 271
550 271
549 271
559 271
268 271
269 271
547 271
780 272
556 272
557 272
701 272
296 272
515 273
514 273
662 273
661 273
775 273
836 273
777 274
778 274
779 274
544 275
542 275
545 275
719 275
681 275
261 276
358 276
393 276
466 276
682 276
468 276
477 277
485 277
478 277
479 277
512 278
511 278
510 278
511 279
507 279
512 279
508 279
506 279
487 280
504 280
495 280
505 280
532 282
533 282
534 282
535 282
753 283
605 283
744 283
754 283
616 283
622 283
723 284
521 285
517 285
519 285
674 285
671 286
741 286
670 286
758 287
441 287
322 287
619 287
617 287
759 287
430 288
724 288
289 288
432 288
640 288
741 289
288 289
640 289
724 289
670 289
461 290
413 291
421 291
675 291
656 291
676 291
840 292
679 292
678 292
839 292
679 293
659 293
678 293
658 294
659 294
771 295
538 295
540 295
772 295
718 295
796 295
546 295
780 296
272 296
539 297
773 297
700 298
780 298
779 298
502 300
510 300
509 301
688 301
510 301
503 301
504 301
506 302
508 302
487 302
509 302
492 302
494 302
688 302
490 303
305 303
492 303
494 303
491 303
316 304
685 304
493 304
490 305
303 305
306 305
491 305
486 305
486 306
493 306
305 306
489 306
307 306
489 307
488 307
691 307
486 307
306 307
694 308
495 309
687 309
310 309
495 310
309 310
313 311
474 311
317 312
314 312
313 312
311 313
475 313
474 313
314 313
312 313
313 314
312 314
304 316
317 316
316 317
312 317
319 318
318 319
423 320
425 321
758 322
757 322
604 322
759 322
601 322
287 322
435 323
438 323
431 323
439 323
757 323
758 323
432 324
431 324
757 324
434 324
671 325
599 325
747 325
751 325
603 325
670 325
640 325
593 326
624 327
623 327
527 328
716 328
715 328
717 328
714 328
818 329
568 329
820 329
564 329
567 329
654 329
569 329
817 330
820 330
819 330
563 330
818 330
564 330
466 332
334 333
333 334
667 335
672 335
724 336
128 338
126 338
129 338
123 338
127 338
122 338
343 339
187 339
340 339
342 339
339 340
343 340
49 340
347 340
187 340
184 341
797 341
211 341
345 342
339 342
164 342
343 342
346 342
340 343
339 343
49 343
346 343
342 343
799 344
677 344
348 344
349 344
350 344
353 344
345 344
342 345
346 345
348 345
344 345
345 346
342 346
343 346
348 346
49 346
798 346
49 347
356 347
340 347
797 347
344 348
798 348
345 348
346 348
349 348
344 349
348 349
798 349
355 349
353 349
354 349
352 350
680 350
677 350
344 350
353 350
400 351
264 351
216 351
214 351
248 351
252 351
253 351
419 352
800 352
676 352
680 352
350 352
353 352
350 353
352 353
800 353
354 353
344 353
349 353
349 354
353 354
355 354
800 354
231 354
230 354
798 355
356 355
349 355
354 355
347 356
49 356
355 356
798 356
358 357
465 357
468 357
276 358
359 358
360 358
468 358
357 358
261 358
360 359
358 359
361 360
359 360
358 360
261 360
816 360
362 361
816 361
360 361
363 362
361 362
816 362
368 362
369 362
364 363
362 363
368 363
365 363
365 364
363 364
367 365
368 365
366 365
363 365
364 365
367 366
365 366
365 367
370 367
368 367
366 367
369 368
362 368
365 368
372 368
373 368
363 368
370 368
367 368
396 369
261 369
368 369
362 369
395 369
816 369
373 369
367 370
371 370
372 370
368 370
370 371
375 371
372 371
371 372
375 372
370 372
368 372
374 372
373 372
395 373
372 373
374 373
383 373
368 373
369 373
392 373
384 373
383 374
372 374
373 374
375 374
376 374
382 374
371 375
482 375
480 375
376 375
374 375
372 375
479 375
377 376
375 376
374 376
382 376
483 376
482 376
379 377
380 377
483 377
376 377
378 377
382 377
484 377
379 378
484 378
385 378
377 378
385 379
387 379
378 379
377 379
380 379
379 380
387 380
377 380
382 380
381 380
388 381
382 381
384 381
390 381
380 381
387 381
376 382
374 382
383 382
381 382
380 382
384 382
377 382
384 383
374 383
382 383
373 383
390 384
383 384
381 384
382 384
373 384
392 384
378 385
386 385
387 385
379 385
473 386
387 386
385 386
386 387
388 387
473 387
385 387
379 387
380 387
381 387
387 388
390 388
389 388
381 388
473 388
470 388
469 388
390 389
391 389
467 389
388 389
469 389
381 390
388 390
384 390
389 390
391 390
392 390
394 391
682 391
390 391
392 391
389 391
467 391
373 392
394 392
391 392
395 392
384 392
390 392
261 393
396 393
394 393
682 393
276 393
395 393
393 394
392 394
395 394
682 394
391 394
369 395
396 395
373 395
392 395
393 395
394 395
261 396
369 396
395 396
393 396
400 397
214 397
262 397
398 397
581 397
400 398
651 398
399 398
573 398
397 398
653 398
580 398
581 398
400 399
249 399
398 399
651 399
351 400
397 400
252 400
399 400
249 400
833 400
214 400
398 400
407 401
829 401
239 401
251 401
652 401
407 402
652 402
582 402
823 402
404 402
583 402
585 402
587 402
406 402
572 403
653 403
580 403
590 403
571 403
577 403
578 403
589 404
590 404
583 404
586 404
585 404
402 404
405 404
732 404
742 405
404 405
732 405
830 405
585 405
236 406
407 406
402 406
587 406
236 407
406 407
401 407
217 407
652 407
829 407
402 407
717 408
409 408
527 408
408 409
560 409
657 409
717 409
412 410
414 410
444 410
418 411
413 411
412 411
417 411
414 411
411 412
413 412
410 412
414 412
411 413
421 413
417 413
291 413
412 413
410 414
412 414
415 414
416 414
411 414
418 414
444 414
414 415
267 415
444 415
416 415
584 415
445 415
442 415
584 416
414 416
418 416
415 416
266 416
411 417
413 417
421 417
266 417
418 417
414 418
416 418
266 418
411 418
417 418
800 419
420 419
230 419
676 419
421 419
352 419
421 420
266 420
419 420
230 420
229 420
291 421
676 421
419 421
420 421
413 421
417 421
266 421
320 423
425 423
424 423
427 424
426 424
423 424
425 424
321 425
423 425
429 425
424 425
427 425
435 426
431 426
436 426
424 426
427 426
424 427
425 427
429 427
426 427
436 427
443 428
433 428
429 428
437 428
427 429
428 429
436 429
437 429
425 429
431 430
432 430
288 430
430 431
435 431
323 431
426 431
324 431
757 431
432 431
288 432
430 432
640 432
434 432
324 432
431 432
437 433
439 433
438 433
443 433
440 433
428 433
432 434
640 434
601 434
324 434
757 434
426 435
431 435
438 435
323 435
436 435
426 436
437 436
438 436
427 436
429 436
435 436
436 437
438 437
433 437
429 437
428 437
323 438
435 438
437 438
436 438
433 438
439 438
758 439
441 439
323 439
433 439
440 439
438 439
441 440
787 440
442 440
445 440
433 440
439 440
443 440
758 441
287 441
787 441
619 441
439 441
440 441
440 442
445 442
415 442
267 442
787 442
428 443
433 443
440 443
445 443
444 443
443 444
410 444
415 444
414 444
445 444
440 445
442 445
444 445
415 445
443 445
447 446
457 446
453 446
456 446
552 446
446 447
552 447
452 447
661 448
837 448
838 448
661 449
838 449
662 449
450 449
449 450
451 450
836 450
662 450
663 450
450 451
663 451
663 452
552 452
447 452
446 453
454 453
453 454
455 454
554 454
553 454
840 455
554 455
454 455
675 455
680 455
457 456
552 456
446 456
551 456
456 457
446 457
551 457
665 458
460 458
513 458
513 459
461 459
460 459
513 460
458 460
459 460
513 461
459 461
290 461
462 461
461 462
514 462
699 462
783 462
513 462
471 463
465 464
357 465
464 465
468 465
276 466
468 466
332 466
682 466
389 467
469 467
391 467
682 467
683 467
472 467
357 468
465 468
276 468
466 468
358 468
472 469
389 469
467 469
470 469
388 469
388 470
473 470
471 470
472 470
469 470
472 471
473 471
470 471
463 471
469 472
470 472
683 472
471 472
467 472
471 473
740 473
386 473
470 473
387 473
388 473
475 474
313 474
311 474
313 475
476 475
474 475
475 476
485 476
477 476
277 477
479 477
476 477
485 477
485 478
277 478
479 478
481 478
478 479
481 479
480 479
277 479
375 479
477 479
375 480
482 480
481 480
479 480
482 481
483 481
478 481
480 481
479 481
375 482
481 482
483 482
376 482
480 482
377 483
481 483
482 483
376 483
484 483
378 484
483 484
377 484
277 485
478 485
476 485
477 485
306 486
307 486
491 486
305 486
488 486
495 486
302 487
688 487
494 487
280 487
504 487
495 487
687 488
307 488
495 488
486 488
493 489
307 489
306 489
695 489
491 490
305 490
303 490
303 491
490 491
494 491
495 491
486 491
305 491
302 492
494 492
303 492
506 492
489 493
306 493
304 493
303 494
491 494
495 494
492 494
487 494
302 494
497 495
494 495
491 495
310 495
687 495
309 495
486 495
488 495
280 495
505 495
487 495
500 496
499 496
501 496
504 496
505 496
495 497
505 497
498 497
499 497
499 498
497 498
498 499
496 499
505 499
497 499
501 500
496 500
503 501
504 501
496 501
500 501
503 502
510 502
300 502
502 503
501 503
301 503
504 503
510 503
280 504
505 504
501 504
496 504
301 504
688 504
487 504
503 504
280 505
495 505
497 505
496 505
504 505
499 505
302 506
492 506
508 506
279 506
512 507
279 507
511 508
506 508
509 508
302 508
279 508
510 509
301 509
508 509
511 509
302 509
688 509
509 510
278 510
300 510
502 510
511 510
301 510
503 510
508 511
279 511
512 511
510 511
278 511
509 511
511 512
507 512
279 512
278 512
514 513
459 513
665 513
458 513
460 513
461 513
462 513
273 514
661 514
786 514
699 514
462 514
513 514
782 514
515 514
665 514
774 515
775 515
782 515
514 515
781 515
556 515
558 515
273 515
644 516
824 516
575 516
576 516
577 516
519 517
285 517
517 519
522 519
674 519
285 519
674 520
521 520
522 520
674 521
520 521
285 521
674 522
520 522
519 522
669 523
737 523
527 525
525 527
328 527
717 527
408 527
716 527
529 528
530 528
531 529
530 529
528 529
529 530
528 530
531 530
532 531
535 531
530 531
529 531
531 532
535 532
282 532
534 533
282 533
536 533
533 534
535 534
282 534
531 535
532 535
534 535
282 535
533 536
555 536
655 537
772 538
295 538
718 538
660 538
297 539
772 539
773 539
771 540
541 540
295 540
681 541
542 541
540 541
771 541
541 542
545 542
771 542
275 542
681 542
545 544
770 544
546 544
771 544
275 544
719 544
542 545
771 545
275 545
544 545
547 546
771 546
295 546
718 546
769 546
548 546
768 546
544 546
770 546
271 547
546 547
548 547
559 547
549 547
768 548
546 548
718 548
549 548
547 548
551 549
718 549
660 549
774 549
548 549
547 549
271 549
775 549
767 549
551 550
268 550
271 550
457 551
550 551
271 551
549 551
456 551
767 551
552 551
452 552
767 552
551 552
456 552
446 552
447 552
836 552
663 552
554 553
677 553
454 553
455 554
454 554
553 554
680 554
677 554
536 555
780 556
272 556
557 556
786 556
782 556
779 556
781 556
515 556
778 556
272 557
786 557
699 557
556 557
781 558
515 558
835 558
776 558
773 558
774 558
271 559
269 559
547 559
657 560
561 560
562 560
409 560
655 560
574 561
657 561
560 561
563 561
714 561
761 561
562 561
574 562
644 562
637 562
822 562
560 562
561 562
564 563
565 563
561 563
574 563
819 563
761 563
330 563
563 564
820 564
566 564
329 564
567 564
330 564
565 564
575 564
563 565
574 565
564 565
575 565
564 566
567 566
575 566
575 567
568 567
329 567
566 567
576 567
564 567
576 568
329 568
569 568
567 568
578 568
40 569
654 569
329 569
568 569
570 569
578 569
578 570
571 570
40 570
588 570
569 570
590 571
588 571
570 571
578 571
403 571
573 572
590 572
403 572
583 572
653 572
582 572
398 573
653 573
572 573
651 573
582 573
575 574
644 574
562 574
561 574
563 574
565 574
565 575
567 575
576 575
564 575
566 575
574 575
516 575
644 575
577 576
567 576
516 576
578 576
568 576
575 576
578 577
403 577
580 577
824 577
576 577
516 577
579 577
570 578
569 578
571 578
577 578
576 578
403 578
568 578
580 579
581 579
824 579
577 579
825 579
403 580
653 580
398 580
581 580
577 580
579 580
397 581
398 581
580 581
579 581
262 581
825 581
572 582
573 582
402 582
652 582
651 582
583 582
404 583
590 583
402 583
572 583
582 583
267 584
830 584
587 584
415 584
416 584
832 584
823 584
266 584
823 585
402 585
830 585
405 585
832 585
404 585
732 586
617 586
589 586
404 586
406 587
584 587
823 587
402 587
590 588
618 588
654 588
40 588
571 588
589 588
570 588
404 589
588 589
590 589
586 589
617 589
618 589
404 590
583 590
588 590
571 590
572 590
403 590
589 590
728 591
594 591
729 592
593 592
594 592
599 592
728 592
600 593
592 593
326 593
595 593
602 593
599 593
591 594
728 594
671 594
599 594
592 594
600 595
596 595
593 595
613 596
595 596
749 596
600 596
614 597
598 597
743 597
607 597
606 598
597 598
613 598
607 598
602 599
594 599
671 599
325 599
603 599
592 599
593 599
595 600
596 600
749 600
620 600
593 600
602 600
747 601
752 601
434 601
757 601
322 601
604 601
640 601
754 601
600 602
599 602
603 602
750 602
593 602
620 602
602 603
748 603
750 603
599 603
325 603
751 603
755 604
759 604
601 604
754 604
322 604
753 605
751 605
748 605
750 605
744 605
283 605
620 605
749 606
613 606
598 606
620 606
607 606
615 607
744 607
598 607
597 607
614 607
620 607
622 607
606 607
614 608
611 608
615 608
609 608
610 608
610 609
608 609
609 610
716 610
608 610
611 610
715 610
612 610
621 611
610 611
608 611
615 611
612 611
819 612
611 612
817 612
715 612
714 612
761 612
610 612
621 612
749 613
598 613
596 613
606 613
607 614
597 614
615 614
608 614
614 615
622 615
607 615
746 615
608 615
611 615
621 615
283 616
756 616
754 616
755 616
746 616
621 616
622 616
619 617
732 617
586 617
287 617
618 617
759 617
760 617
589 617
589 618
588 618
617 618
760 618
818 618
654 618
742 619
732 619
787 619
441 619
617 619
287 619
267 619
600 620
750 620
607 620
602 620
749 620
606 620
605 620
744 620
746 621
611 621
615 621
616 621
817 621
612 621
756 621
283 622
615 622
744 622
607 622
746 622
616 622
327 623
625 624
327 624
624 625
627 625
625 627
822 637
562 637
434 640
288 640
432 640
289 640
747 640
601 640
670 640
325 640
574 644
822 644
575 644
562 644
516 644
582 651
652 651
249 651
399 651
398 651
573 651
251 652
651 652
249 652
402 652
582 652
407 652
401 652
572 653
398 653
580 653
403 653
573 653
329 654
569 654
40 654
588 654
618 654
818 654
560 655
537 655
839 656
840 656
675 656
291 656
560 657
714 657
561 657
717 657
409 657
294 658
678 658
839 658
765 658
659 658
293 659
678 659
294 659
658 659
774 660
538 660
718 660
549 660
773 660
772 660
838 661
837 661
448 661
662 661
665 661
449 661
514 661
273 661
273 662
836 662
450 662
661 662
449 662
836 663
552 663
452 663
450 663
451 663
154 664
43 664
73 664
71 664
155 664
4 664
70 664
661 665
837 665
514 665
513 665
458 665
144 666
148 666
38 666
721 667
335 667
523 669
671 670
289 670
741 670
286 670
640 670
325 670
286 671
670 671
594 671
325 671
599 671
335 672
522 674
519 674
285 674
521 674
520 674
840 675
455 675
680 675
291 675
676 675
656 675
291 676
680 676
419 676
352 676
421 676
675 676
554 677
680 677
799 677
344 677
350 677
553 677
658 678
292 678
839 678
293 678
659 678
679 678
840 679
292 679
293 679
678 679
676 680
350 680
352 680
677 680
675 680
455 680
554 680
275 681
542 681
541 681
719 681
466 682
391 682
467 682
683 682
276 682
393 682
394 682
682 683
467 683
472 683
304 685
694 686
495 687
309 687
488 687
509 688
301 688
504 688
487 688
302 688
307 691
694 692
692 694
308 694
686 694
489 695
786 699
514 699
462 699
557 699
780 700
298 700
272 701
715 714
612 714
761 714
717 714
657 714
328 714
561 714
716 715
328 715
610 715
714 715
612 715
715 716
745 716
328 716
527 716
610 716
408 717
527 717
328 717
714 717
657 717
409 717
768 718
548 718
538 718
549 718
660 718
769 718
295 718
546 718
275 719
681 719
544 719
667 721
213 722
148 722
144 722
284 723
336 724
288 724
289 724
591 728
592 728
594 728
592 729
185 731
106 731
47 731
212 731
184 731
405 732
586 732
619 732
617 732
742 732
404 732
32 735
158 735
3 735
21 735
20 735
103 736
102 736
160 736
153 736
523 737
473 740
289 741
286 741
670 741
830 742
405 742
732 742
267 742
619 742
597 743
622 744
283 744
605 744
620 744
607 744
716 745
616 746
621 746
622 746
615 746
325 747
751 747
640 747
752 747
601 747
750 748
605 748
603 748
751 748
606 749
613 749
596 749
600 749
620 749
605 750
620 750
602 750
603 750
748 750
747 751
752 751
603 751
325 751
753 751
605 751
748 751
751 752
753 752
754 752
601 752
747 752
605 753
283 753
751 753
754 753
752 753
601 754
752 754
604 754
755 754
283 754
616 754
753 754
616 755
756 755
759 755
754 755
604 755
760 756
817 756
616 756
755 756
621 756
759 756
323 757
322 757
758 757
324 757
431 757
434 757
601 757
439 758
441 758
322 758
323 758
757 758
287 758
755 759
756 759
322 759
287 759
760 759
617 759
604 759
759 760
756 760
817 760
617 760
618 760
818 760
714 761
819 761
563 761
561 761
612 761
88 762
90 762
67 762
87 762
72 762
814 763
188 763
189 763
5 763
97 763
107 764
82 764
109 764
45 764
154 764
658 765
839 765
46 766
78 766
79 766
192 766
834 766
551 767
836 767
552 767
549 767
775 767
769 768
546 768
718 768
548 768
546 769
718 769
768 769
544 770
546 770
771 770
540 771
770 771
546 771
295 771
545 771
544 771
542 771
541 771
539 772
538 772
773 772
660 772
295 772
796 772
539 773
297 773
772 773
660 773
835 773
558 773
774 773
549 774
775 774
660 774
773 774
515 774
558 774
774 775
549 775
767 775
836 775
515 775
273 775
777 776
558 776
778 776
781 776
274 777
776 777
778 777
777 778
776 778
781 778
556 778
779 778
274 778
274 779
778 779
298 779
780 779
556 779
700 780
556 780
298 780
779 780
272 780
296 780
556 781
515 781
776 781
558 781
778 781
786 782
514 782
556 782
515 782
462 783
95 784
96 784
11 784
814 784
815 784
809 784
29 785
18 785
34 785
16 785
15 785
782 786
557 786
699 786
556 786
514 786
440 787
441 787
442 787
267 787
619 787
170 788
41 788
181 788
180 788
174 788
791 788
169 789
170 789
175 789
173 789
168 789
791 790
176 790
174 790
171 790
792 790
176 791
41 791
174 791
790 791
788 791
793 791
176 792
790 792
172 792
806 792
168 793
41 793
167 793
166 793
794 793
791 793
176 793
175 793
166 794
167 794
793 794
165 794
31 794
181 795
112 795
179 795
170 795
295 796
772 796
341 797
347 797
348 798
349 798
355 798
346 798
49 798
356 798
677 799
344 799
353 800
354 800
419 800
230 800
352 800
48 801
81 801
46 801
212 801
211 801
77 801
105 802
108 802
44 802
106 802
803 802
106 803
802 803
108 803
48 803
105 804
104 804
103 804
185 805
44 805
106 805
172 806
792 806
31 806
19 806
166 806
86 807
87 807
98 807
63 807
5 807
85 807
12 808
809 808
810 808
815 809
808 809
810 809
190 809
189 809
784 809
96 809
210 810
809 810
96 810
209 810
12 810
191 810
207 810
808 810
13 811
13 812
813 812
209 813
208 813
191 813
13 813
812 813
11 814
95 814
97 814
784 814
763 814
189 814
11 815
809 815
189 815
784 815
261 816
360 816
362 816
369 816
361 816
621 817
756 817
760 817
818 817
612 817
819 817
330 817
618 818
654 818
817 818
330 818
820 818
329 818
760 818
612 819
761 819
817 819
563 819
330 819
330 820
818 820
329 820
564 820
828 821
231 821
232 821
235 821
637 822
562 822
644 822
831 823
832 823
585 823
402 823
584 823
587 823
516 824
577 824
579 824
262 825
579 825
581 825
214 825
231 826
827 826
233 826
233 827
235 827
828 827
231 827
826 827
821 828
827 828
235 828
231 828
217 829
407 829
265 829
239 829
401 829
584 830
585 830
405 830
742 830
832 830
267 830
823 831
832 831
584 832
831 832
830 832
585 832
823 832
256 833
249 833
400 833
252 833
766 834
78 834
192 834
203 834
198 834
558 835
773 835
552 836
450 836
663 836
775 836
273 836
767 836
662 836
661 837
448 837
665 837
661 838
449 838
448 838
656 839
678 839
292 839
658 839
765 839
840 839
292 840
675 840
455 840
679 840
839 840
656 840