0 0 0
1 2947 682
2 3005 686
3 2918 597
4 3054 574
5 3130 449
6 2871 509
7 2878 479
8 2901 534
9 3037 533
10 3135 489
11 3182 426
12 3204 369
13 3190 347
14 2757 566
15 2805 546
16 2838 557
17 2903 575
18 2879 551
19 2795 635
20 2880 618
21 2896 651
22 2856 646
23 2795 606
24 2832 580
25 2822 627
26 2853 616
27 2872 582
28 2915 561
29 2850 520
30 2793 575
31 2825 660
32 2890 628
33 2830 600
34 2883 525
35 2879 501
36 2901 474
37 3000 417
38 3045 252
39 2983 604
40 4093 474
41 2737 719
42 2920 535
43 3124 575
44 3119 698
45 3107 617
46 3228 635
47 3165 745
48 3170 665
49 3305 727
50 2946 559
51 2913 507
52 2986 567
53 3001 545
54 2972 532
55 2945 518
56 2930 464
57 2932 494
58 2958 442
59 2962 474
60 2981 506
61 2990 451
62 3014 452
63 3058 448
64 3007 478
65 3016 504
66 3060 505
67 3088 516
68 3042 479
69 3032 530
70 3091 554
71 3130 550
72 3097 536
73 3171 560
74 3076 526
75 3069 543
76 3181 592
77 3235 653
78 3244 589
79 3222 596
80 3206 567
81 3175 637
82 3141 622
83 3146 601
84 3188 608
85 3103 440
86 3071 482
87 3099 493
88 3133 531
89 3184 556
90 3126 511
91 3192 539
92 3163 502
93 3205 516
94 3202 485
95 3201 457
96 3227 427
97 3161 461
98 3122 471
99 2956 396
100 2509 148
101 2153 103
102 3044 607
103 3062 648
104 3082 643
105 3109 673
106 3146 694
107 3123 643
108 3134 655
109 3083 619
110 2964 293
111 3201 287
112 2669 725
113 2686 449
114 2945 722
115 3023 771
116 3029 798
117 3043 706
118 2719 792
119 2689 420
120 2731 343
121 2746 393
122 2733 468
123 2736 505
124 3098 371
125 2804 468
126 2793 483
127 2792 496
128 2761 465
129 2785 459
130 2776 436
131 2749 413
132 2756 443
133 2733 399
134 2661 430
135 2659 470
136 2747 367
137 3345 623
138 3025 394
139 3041 366
140 3007 331
141 3065 321
142 2917 293
143 2980 221
144 3140 109
145 3121 305
146 3280 277
147 3271 148
148 3202 123
149 3183 219
150 3251 230
151 2950 596
152 3028 575
153 2988 588
154 3131 587
155 3082 592
156 3072 731
157 3018 673
158 2933 627
159 2963 616
160 2993 613
161 2977 638
162 2979 659
163 3049 653
164 3230 793
165 2833 691
166 2787 696
167 2798 735
168 2776 753
169 2711 776
170 2710 739
171 2681 671
172 2780 674
173 2750 775
174 2714 682
175 2745 742
176 2760 683
177 2849 735
178 2559 931
179 2680 761
180 2688 694
181 2687 717
182 3194 810
183 3327 813
184 3199 700
185 3129 736
186 3153 775
187 3206 749
188 3145 415
189 3152 409
190 3148 382
191 3223 356
192 3287 587
193 3304 509
194 3261 490
195 3285 313
196 3326 595
197 3304 578
198 3253 553
199 3228 541
200 3362 586
201 3250 522
202 3285 525
203 3301 548
204 3251 468
205 3359 442
206 3254 446
207 3264 422
208 3266 330
209 3258 358
210 3271 394
211 3228 670
212 3190 685
213 3358 110
214 3453 222
215 3322 200
216 3340 266
217 3504 559
218 3423 580
219 3393 409
220 3371 499
221 3375 542
222 3373 475
223 3389 451
224 3325 471
225 3340 507
226 3351 565
227 3395 569
228 3414 553
229 3553 722
230 3506 722
231 3494 688
232 3538 665
233 3446 653
234 3419 621
235 3480 634
236 3541 585
237 3508 601
238 3464 594
239 3514 495
240 3387 520
241 3295 464
242 3322 422
243 3314 444
244 3309 326
245 3456 559
246 3328 384
247 3374 372
248 3423 364
249 3601 418
250 3544 452
251 3591 466
252 3492 401
253 3444 395
254 3437 442
255 3499 458
256 3539 419
257 3453 477
258 3416 476
259 3335 538
260 3436 516
261 1528 492
262 3629 178
263 3299 357
264 3353 322
265 3478 530
266 3619 788
267 3879 810
268 3470 1207
269 3519 1243
270 1055 1732
271 3429 1250
272 2580 1163
273 3020 991
274 2791 1270
275 3228 1826
276 1581 421
277 1243 849
278 1849 1779
279 1696 1775
280 1901 1383
281 3944 1349
282 4985 797
283 4440 812
284 5563 1872
285 5081 1896
286 4476 1214
287 4115 758
288 4303 1124
289 4392 1138
290 2739 811
291 3511 864
292 3477 997
293 3505 1155
294 3679 1061
295 3140 1524
296 2567 1208
297 2960 1359
298 2659 1295
299 1894 1970
300 1931 1716
301 1926 1583
302 1778 1476
303 1594 1308
304 1555 1043
305 1587 1206
306 1631 1116
307 1771 1040
308 1837 914
309 1931 1114
310 1977 1115
311 1424 901
312 1459 945
313 1397 923
314 1418 956
315 1564 830
316 1491 1021
317 1472 971
318 1665 870
319 1710 875
320 4050 1206
321 3961 1152
322 4180 851
323 4120 932
324 4217 948
325 4414 1011
326 4587 1034
327 4694 1160
328 4782 663
329 4272 492
330 4407 578
331 1932 324
332 1843 173
333 4579 1335
334 4584 1398
335 4521 1513
336 4413 1341
337 2687 255
338 2763 486
339 3237 755
340 3244 725
341 3227 703
342 3260 779
343 3275 748
344 3384 770
345 3322 782
346 3311 757
347 3295 706
348 3363 757
349 3392 736
350 3429 769
351 3433 322
352 3465 763
353 3433 738
354 3449 713
355 3384 708
356 3339 705
357 1708 422
358 1620 450
359 1640 501
360 1594 485
361 1600 524
362 1565 543
363 1559 592
364 1542 621
365 1507 637
366 1497 718
367 1453 639
368 1464 583
369 1467 545
370 1404 639
371 1377 667
372 1367 601
373 1363 536
374 1264 590
375 1244 663
376 1150 610
377 1059 610
378 944 553
379 978 531
380 1065 513
381 1127 447
382 1158 523
383 1271 532
384 1249 476
385 925 427
386 920 364
387 1024 397
388 1089 373
389 1240 359
390 1241 423
391 1349 379
392 1348 467
393 1479 416
394 1403 415
395 1410 508
396 1457 509
397 3622 241
398 3692 329
399 3623 377
400 3575 342
401 3564 507
402 3739 583
403 3898 363
404 3885 612
405 3884 712
406 3610 575
407 3607 537
408 4907 632
409 4953 550
410 3745 951
411 3634 861
412 3652 925
413 3581 882
414 3720 887
415 3820 859
416 3715 795
417 3585 828
418 3668 819
419 3510 762
420 3542 759
421 3540 833
422 4066 1274
423 4024 1227
424 4048 1154
425 3991 1170
426 4107 1078
427 4026 1108
428 3918 1034
429 3967 1089
430 4215 1012
431 4178 994
432 4247 994
433 3960 969
434 4281 940
435 4131 995
436 4054 1043
437 4006 1007
438 4063 972
439 4020 896
440 3954 883
441 4012 827
442 3923 832
443 3881 970
444 3808 949
445 3877 905
446 3286 910
447 3277 889
448 3011 862
449 3067 892
450 3123 899
451 3136 872
452 3223 893
453 3330 912
454 3351 879
455 3381 884
456 3305 986
457 3331 979
458 2958 799
459 2825 801
460 2904 795
461 2720 845
462 2711 888
463 398 137
464 1822 397
465 1769 377
466 1702 199
467 1269 268
468 1721 365
469 1156 250
470 1011 219
471 775 129
472 993 115
473 913 271
474 1414 858
475 1365 910
476 1312 901
477 1284 856
478 1183 840
479 1249 791
480 1225 743
481 1153 777
482 1150 707
483 1062 695
484 1038 722
485 1231 882
486 1686 1154
487 1814 1419
488 1809 1103
489 1705 1024
490 1617 1232
491 1645 1244
492 1670 1424
493 1643 1047
494 1675 1347
495 1844 1225
496 2098 1479
497 2083 1266
498 2211 1284
499 2157 1393
500 2137 1537
501 2046 1543
502 1967 1677
503 2004 1601
504 1955 1486
505 2016 1375
506 1726 1564
507 1710 1939
508 1761 1607
509 1847 1602
510 1883 1672
511 1760 1716
512 1770 1900
513 2859 829
514 2832 968
515 2955 1105
516 4315 124
517 5052 1947
518 5064 2016
519 4916 1895
520 4896 1624
521 5062 1698
522 4727 1766
523 5086 1502
524 4694 1014
525 4801 796
526 4804 964
527 4795 717
528 4839 864
529 4877 815
530 4887 843
531 4922 823
532 4955 810
533 5001 738
534 4969 772
535 4947 787
536 5032 659
537 5042 571
538 3134 1390
539 2987 1409
540 3085 1588
541 3092 1767
542 3190 1757
543 3537 1701
544 3359 1701
545 3260 1701
546 3349 1488
547 3395 1397
548 3310 1375
549 3256 1239
550 3425 1150
551 3327 1103
552 3246 969
553 3365 836
554 3381 843
555 5143 594
556 2735 1168
557 2586 1106
558 2940 1246
559 3527 1314
560 4927 461
561 4783 444
562 5107 271
563 4596 459
564 4472 455
565 4595 368
566 4432 443
567 4381 398
568 4261 419
569 4184 443
570 4056 418
571 3951 400
572 3807 417
573 3722 383
574 4771 311
575 4540 287
576 4297 293
577 4033 280
578 4088 361
579 3873 120
580 3836 271
581 3765 194
582 3726 473
583 3799 497
584 3739 744
585 3814 688
586 3982 658
587 3654 641
588 4059 517
589 4027 601
590 3906 484
591 4520 1077
592 4557 1031
593 4590 1009
594 4506 1034
595 4649 975
596 4682 920
597 4658 788
598 4656 839
599 4503 1002
600 4617 955
601 4300 895
602 4548 955
603 4464 963
604 4267 827
605 4468 891
606 4631 870
607 4577 833
608 4617 733
609 4653 725
610 4665 687
611 4593 694
612 4614 630
613 4683 874
614 4612 765
615 4560 769
616 4418 746
617 4133 673
618 4148 604
619 4014 744
620 4563 884
621 4519 697
622 4503 782
623 4696 1118
624 4714 1190
625 4756 1220
626 4657 1239
627 4728 1277
628 4726 1226
629 394 1038
630 158 1133
631 33 929
632 5406 1083
633 5414 1256
634 5275 1521
635 5411 1690
636 5596 1674
637 5339 362
638 5062 1187
639 5520 1382
640 4331 1019
641 449 1674
642 105 1439
643 5579 1520
644 4919 128
645 5024 987
646 5078 1150
647 4891 1277
648 5212 1005
649 1393 1208
650 5501 389
651 3680 434
652 3642 480
653 3785 333
654 4163 514
655 5035 484
656 3547 913
657 4866 525
658 3635 1031
659 3571 1148
660 3135 1289
661 3007 897
662 3039 939
663 3170 884
664 3113 564
665 2955 856
666 3105 160
667 4688 1538
668 4797 1390
669 4916 1468
670 4427 1108
671 4457 1095
672 4394 1399
673 4710 1434
674 4869 1763
675 3472 872
676 3485 806
677 3383 804
678 3550 1067
679 3433 1035
680 3428 813
681 3136 1886
682 1446 330
683 1370 145
684 5143 1284
685 1557 1034
686 1780 886
687 1885 1101
688 1871 1539
689 1574 875
690 1601 765
691 1852 1006
692 1860 969
693 1655 816
694 1838 915
695 1725 979
696 1828 634
697 2541 855
698 2385 763
699 2606 990
700 2621 1262
701 2566 1183
702 2424 1139
703 2567 1475
704 2721 1651
705 2914 1383
706 3669 1735
707 3710 1716
708 3496 1592
709 3682 1472
710 3969 1530
711 4457 1566
712 4308 1627
713 3984 2010
714 4776 541
715 4703 640
716 4726 704
717 4857 622
718 3225 1402
719 3251 1889
720 2229 2014
721 4771 1539
722 3278 86
723 5482 1975
724 4369 1246
725 5411 1405
726 125 1620
727 306 1338
728 4529 1052
729 4573 1035
730 1925 369
731 3164 711
732 3979 704
733 4259 1236
734 5402 1575
735 2910 630
736 3023 619
737 5144 1458
738 4870 1505
739 745 242
740 841 315
741 4445 1203
742 3918 745
743 4682 790
744 4496 846
745 4706 739
746 4507 737
747 4362 984
748 4466 936
749 4646 901
750 4520 916
751 4401 933
752 4362 892
753 4408 861
754 4363 811
755 4299 776
756 4358 711
757 4174 916
758 4089 852
759 4206 749
760 4258 667
761 4678 526
762 3099 519
763 3139 429
764 3129 620
765 3601 984
766 3263 612
767 3225 1102
768 3275 1427
769 3272 1451
770 3341 1608
771 3241 1608
772 3038 1405
773 2999 1278
774 3086 1210
775 3103 1098
776 2842 1249
777 2821 1260
778 2782 1202
779 2721 1279
780 2628 1239
781 2843 1180
782 2785 1064
783 2648 915
784 3200 430
785 2850 537
786 2656 1048
787 3983 809
788 2711 710
789 2743 761
790 2725 663
791 2739 688
792 2766 668
793 2768 718
794 2802 698
795 2681 743
796 3001 1477
797 3259 702
798 3350 733
799 3371 792
800 3479 738
801 3200 661
802 3133 675
803 3151 670
804 3085 660
805 3124 718
806 2791 658
807 3101 451
808 3193 380
809 3193 391
810 3226 388
811 3159 347
812 3189 330
813 3224 341
814 3171 435
815 3189 408
816 1554 525
817 4413 637
818 4236 573
819 4586 579
820 4377 523
821 3523 670
822 2812 122
823 3734 651
824 4039 129
825 3663 93
826 3451 668
827 3483 666
828 3500 666
829 3527 520
830 3827 743
831 3727 679
832 3740 709
833 3549 389
834 3266 583
835 2924 1306
836 3142 1004
837 2995 859
838 3029 876
839 3560 966
840 3441 908